Leaky ReLU:
Fprop: [ 1.5   -0.033 -0.05  -0.024 -0.05  -0.015]
Bprop: [[ 5.    0.1  -0.1  -0.05  0.    0.1 ]]
ELU:
Fprop: [ 1.5        -0.96311683 -0.99326205 -0.90928205 -0.99326205 -0.77686984]
Bprop: [[ 5.          0.36883167 -0.06737947 -0.45358977  0.          2.2313016 ]]
SELU:
Fprop: [ 1.57605    -1.69329067 -1.74629008 -1.59864178 -1.74629008 -1.36584307]
Bprop: [[ 5.2535      0.64845636 -0.11846229 -0.79747264  0.          3.92293236]]
